############################# Testing start for patient 12 #################################################
Iteration_num: 6  PlanScore: 3  PlanScore_fine: 9.56746555818473 ScoreAll: [1. 1. 0. 0. 1. 0. 0. 0. 0.]
tempoutput [[1.1712661 1.259384  1.1809778]]
tempoutput1 [[1.1712661 1.259384  1.1809778]]
TotalArray [[ 1.17126608  1.25938404  1.18097782]
 [ 5.66004896  5.88942528  6.04642105]
 [ 1.27250576  1.34869826  1.09288454]
 [ 3.30229783 -0.00632707  3.13732028]
 [ 2.80345321  3.04087305  3.07521415]
 [ 1.2207973   1.34851062  1.20975053]
 [ 2.29160547  2.25545025  2.31441736]
 [ 2.11374211  1.96734989  1.9104352 ]
 [ 1.50667548  1.56804264  1.54217482]]
des_action 6.046421051025391
value array [1.25938404 6.04642105 1.34869826 3.30229783 3.07521415 1.34851062
 2.31441736 2.11374211 1.56804264]
paraidx 1
Step: 0 Iteration_num: 39  PlanScore: 4  PlanScore_fine: 3.754856008301881
tempoutput [[8.340975  8.8768835 9.012908 ]]
tempoutput1 [[8.340975  8.8768835 9.012908 ]]
TotalArray [[ 8.34097481  8.87688351  9.01290798]
 [ 1.79753447  2.47127795  1.1602205 ]
 [10.23426723  9.91648579 10.89818668]
 [10.64426994 -0.06097646 11.13140488]
 [ 7.63984203  8.24054813  7.87446022]
 [11.19040489 10.63214588 10.78099537]
 [ 5.74591112  5.6103673   5.56602812]
 [ 6.82191658  7.17962217  7.64681578]
 [ 5.23531389  4.97107935  4.76970768]]
des_action 11.190404891967773
gradient [[[ 0.01278338  0.07243912  0.02130563]
  [-0.04687237 -0.02556675 -0.05539463]
  [ 0.07670027 -0.09374477 -0.00852225]
  [ 0.03835013  0.10652813  0.02556675]
  [-0.06391689 -0.17896726  0.03835013]
  [ 0.06391687 -0.13209489 -0.08948363]
  [ 0.32384551  0.04687238 -0.04261125]
  [-0.14913939 -0.11078926  0.04687238]
  [ 0.09374475  0.1491394  -0.01278338]
  [-0.32810665  0.28549545  0.0809614 ]
  [-0.29827876 -0.15766164  0.31532326]
  [-0.034089    0.32384554 -0.068178  ]
  [ 0.01278337 -0.102267    0.12357263]
  [ 0.242884   -0.17470612 -0.05539461]
  [-0.37071797 -0.05965575 -0.44741812]
  [ 0.20879514  0.43889584 -0.3281066 ]
  [ 0.45167923 -0.36219556 -0.12357263]
  [ 0.23010076 -0.36645673  0.14061712]
  [ 0.01704449  0.50707383  0.21731743]
  [-0.2514064  -0.09800587  0.17044499]
  [-0.58803522  0.0170445   0.22583966]
  [-0.56672967 -0.16192273 -0.26418978]
  [ 1.12493704  0.14061712 -0.49429048]
  [ 0.05539462  0.43889587 -0.13209486]
  [ 0.21305624  0.40906795  0.76274157]
  [-0.25140635 -0.35367337 -0.15766162]
  [-0.69030233 -1.03119246  0.62638532]
  [ 0.57951302 -0.79683037 -0.11505038]
  [-0.50281281 -0.48150712  0.47724602]
  [ 0.88205287  0.25992867  0.66899651]
  [ 0.29827879 -1.11641451 -0.25566749]
  [-0.30680106  0.36219559  0.72439122]
  [-0.43463473  0.27271201 -0.04261126]
  [ 0.38776234  0.10652812  0.57525182]
  [-0.41332912  0.50707387 -1.28685958]
  [ 0.74569693 -0.70734678 -0.53264058]
  [ 0.91614187  1.77262837 -0.24288417]
  [-1.41043237  0.47298475  1.07380363]
  [-0.00852225 -1.35077685 -0.52411846]
  [-0.88631373 -0.41332909  0.12783375]
  [-0.37924009 -0.19601174  0.11078925]
  [-0.00426112  0.43889584 -0.21305624]
  [ 1.2144202  -0.83518053  0.84370249]
  [-1.0823257   0.33236768  0.80535262]
  [ 0.9459697   0.25566747  0.7797858 ]
  [-1.25703144 -0.11078922 -0.14487824]
  [-0.4005458   0.41759023 -0.3536734 ]
  [-0.36219553  0.49002937  0.26418974]
  [-0.12783374  0.81813596  0.00426112]
  [-0.06391688  0.66473547  0.57099063]
  [ 0.30253977  0.00426112  0.00426112]
  [ 0.43889572 -0.20879512 -0.07670021]
  [-0.40906763  0.44741683 -0.57098965]
  [-0.14913898  0.13209437 -0.49854992]
  [-0.18322722 -0.15340041 -0.14061676]
  [-0.15766093 -0.37497809 -0.18748864]
  [ 0.11505    -0.45593983 -0.43037274]
  [ 0.25566679 -0.40480649 -0.31958369]
  [ 0.32384584  0.03835007  0.19601152]
  [ 0.28549601 -0.14061712  0.28549537]
  [-0.05539465 -0.43037326 -0.05539456]
  [ 0.19174958 -0.20027195  0.10226683]
  [ 0.8266561  -0.28549481  0.32810587]
  [ 0.61786149 -0.44741713 -0.12357218]
  [-0.48150495 -0.08948328  0.        ]
  [-0.438894   -0.11078892 -0.1619222 ]
  [-0.4346348   0.13635601  0.2684509 ]
  [ 0.43463469 -0.07670025  0.08948361]
  [ 0.08948362  0.02556676  0.66899662]
  [ 0.05965576 -0.07670025  0.05539462]
  [-0.69030233 -0.31532332 -0.31532332]
  [ 0.07243913  0.11931153  0.29401765]
  [-0.02982787  0.32384557  0.14913941]
  [-0.46872381 -0.30680106 -0.40054573]
  [ 0.33236785  0.507074   -0.83091944]
  [-0.02556675  0.38776241  0.0170445 ]
  [ 0.08948362  0.00426112  0.64342993]
  [-0.0511335  -0.35367334  0.11931149]
  [-0.67325778  0.23010082 -0.92892528]
  [ 0.63916877 -0.31532332 -0.69882435]
  [ 0.37497901 -0.37497901 -0.35367331]
  [-0.74995803  0.77126362 -0.20879505]
  [ 0.85648597  0.38776241  0.08096137]
  [-0.32810668  1.32520998  0.40906802]
  [-0.10652813  0.2514064  -0.102267  ]
  [ 0.31958429 -0.31532329  0.24714524]
  [-0.62638532  0.07243913 -1.2868598 ]
  [ 0.66473558 -1.15902624  0.81813596]
  [ 0.17044501 -0.1193115   0.27271203]
  [ 0.55394622 -0.20027287  0.91188071]
  [ 0.11931147 -0.46446266 -0.50707392]
  [-0.19601176 -0.46020148  0.10226698]
  [ 0.05965575  0.19601174 -0.34089001]
  [ 0.3664567  -0.17470612  0.48576819]
  [ 0.068178    0.40480687  0.44741816]
  [ 0.03835012 -0.4815072   0.06391687]
  [-0.34941223  0.3110621  -0.12783374]
  [-0.33236776  0.00852225 -0.2854954 ]
  [ 0.09800588  0.08948362  0.102267  ]
  [-0.00426113  0.         -0.02556675]]]
X [[[ 9.49048133e-01  9.48406354e-01  9.47657610e-01]
  [ 9.49229757e-01  9.48908867e-01  9.48267087e-01]
  [ 9.45839234e-01  9.46876564e-01  9.45806931e-01]
  [ 9.42844261e-01  9.41988555e-01  9.41025885e-01]
  [ 9.42384105e-01  9.41742325e-01  9.38672692e-01]
  [ 9.37496096e-01  9.38961279e-01  9.38105573e-01]
  [ 9.35249866e-01  9.35035940e-01  9.35431490e-01]
  [ 9.34789710e-01  9.33934004e-01  9.30650444e-01]
  [ 9.29580811e-01  9.28725104e-01  9.29548508e-01]
  [ 9.28478875e-01  9.25195315e-01  9.24767462e-01]
  [ 9.25483902e-01  9.24628196e-01  9.21130709e-01]
  [ 9.21740186e-01  9.18777516e-01  9.20028773e-01]
  [ 9.17066103e-01  9.17782544e-01  9.14819874e-01]
  [ 9.12787571e-01  9.13076158e-01  9.11792598e-01]
  [ 9.10616002e-01  9.08690662e-01  9.07193176e-01]
  [ 9.04016579e-01  9.01342497e-01  9.01845010e-01]
  [ 8.98133597e-01  8.98529148e-01  8.96603808e-01]
  [ 8.93320248e-01  8.92860092e-01  8.88720826e-01]
  [ 8.87437266e-01  8.86046743e-01  8.84228367e-01]
  [ 8.84196064e-01  8.82805541e-01  8.78773238e-01]
  [ 8.79382715e-01  8.75243448e-01  8.73852925e-01]
  [ 8.73820623e-01  8.70718686e-01  8.67509787e-01]
  [ 8.64012301e-01  8.61338218e-01  8.60022355e-01]
  [ 8.53743823e-01  8.47967804e-01  8.42052519e-01]
  [ 8.27002995e-01  8.00903947e-01  7.64750348e-01]
  [ 7.24499840e-01  6.80537918e-01  6.35613328e-01]
  [ 5.90902663e-01  5.55818697e-01  5.17772061e-01]
  [ 4.85790031e-01  4.55594074e-01  4.25430420e-01]
  [ 3.98796556e-01  3.72804471e-01  3.48770029e-01]
  [ 3.31441972e-01  3.10584127e-01  2.92614290e-01]
  [ 2.74323564e-01  2.60065141e-01  2.45839020e-01]
  [ 2.31612900e-01  2.16135523e-01  2.02872072e-01]
  [ 1.92036474e-01  1.77842657e-01  1.67969729e-01]
  [ 1.54952508e-01  2.84078986e-01  2.73990044e-01]
  [ 2.66232975e-01  2.53745785e-01  2.44462100e-01]
  [ 2.32705031e-01  2.22292978e-01  2.12270410e-01]
  [ 1.98455728e-01  1.86773795e-01  1.78618479e-01]
  [ 1.67002920e-01  1.52126245e-01  1.39780566e-01]
  [ 1.28638391e-01  1.16359087e-01  1.07066640e-01]
  [ 9.91680605e-02  9.35925926e-02  8.60171247e-02]
  [ 8.08486659e-02  7.56050710e-02  6.78304792e-02]
  [ 6.54497544e-02  5.88035311e-02  5.54935617e-02]
  [ 4.91792115e-02  4.72631090e-02  4.09487588e-02]
  [ 3.92981548e-02  3.33820523e-02  3.07934422e-02]
  [ 2.70100889e-02  2.48861012e-02  2.23638657e-02]
  [ 2.14433825e-02  2.00495155e-02  1.85228992e-02]
  [ 1.71954069e-02  1.39342891e-02  1.43412983e-02]
  [ 1.22836851e-02  8.49157042e-03  6.30120802e-03]
  [ 6.57546794e-03  3.04885172e-03  2.11960706e-03]
  [ 2.92486393e-03  1.94743130e-04 -1.37129962e-04]
  [-5.35377672e-04 -8.00876145e-04 -8.00876145e-04]
  [-1.00000000e-03  1.00000000e-03  1.00000000e-03]
  [ 1.00000000e-03 -1.00000000e-03  1.00000000e-03]
  [ 1.00000000e-03 -1.00000000e-03  1.00000000e-03]
  [ 1.00000000e-03  1.00000000e-03  1.00000000e-03]
  [ 1.00000000e-03  1.00000000e-03  1.00000000e-03]
  [-1.00000000e-03  1.00000000e-03  1.00000000e-03]
  [-1.00000000e-03  1.00000000e-03  1.00000000e-03]
  [-1.00000000e-03 -1.00000000e-03 -1.00000000e-03]
  [-1.00000000e-03  1.00000000e-03 -1.00000000e-03]
  [ 1.00000000e-03  1.00000000e-03  1.00000000e-03]
  [-1.00000000e-03  1.00000000e-03 -1.00000000e-03]
  [-1.00000000e-03  1.00000000e-03 -1.00000000e-03]
  [-1.00000000e-03  1.00000000e-03  1.00000000e-03]
  [ 1.00000000e-03  1.00000000e-03  3.33066907e-16]
  [ 1.00000000e-03  1.00000000e-03  1.00000000e-03]
  [ 1.00000000e-03 -1.00000000e-03  8.79862534e-01]
  [ 8.77167116e-01  8.77549865e-01  8.73932615e-01]
  [ 8.71776280e-01  8.70159030e-01  8.69080863e-01]
  [ 8.67463612e-01  8.67846361e-01  8.60994609e-01]
  [ 8.60838275e-01  8.57603774e-01  8.54369272e-01]
  [ 8.47517520e-01  8.37814016e-01  8.32962264e-01]
  [ 8.30110512e-01  8.23797844e-01  8.19485175e-01]
  [ 8.17172507e-01  8.15016173e-01  8.11242588e-01]
  [ 8.06547170e-01  8.02773585e-01  8.03695418e-01]
  [ 8.01000000e-01  7.96843666e-01  7.93609164e-01]
  [ 7.91452830e-01  7.90913747e-01  7.88218329e-01]
  [ 7.84827493e-01  7.82132075e-01  7.76358491e-01]
  [ 7.75123989e-01  7.69350404e-01  7.65420485e-01]
  [ 7.59107817e-01  7.58412399e-01  7.55716981e-01]
  [ 7.43474394e-01  7.40083558e-01  7.30919137e-01]
  [ 7.27145553e-01  7.18137466e-01  7.13129380e-01]
  [ 6.91722372e-01  6.75549865e-01  6.62072776e-01]
  [ 6.52752022e-01  6.39970350e-01  6.27571429e-01]
  [ 6.15016173e-01  6.01695418e-01  5.90757412e-01]
  [ 5.77975741e-01  5.61107817e-01  5.45091644e-01]
  [ 5.24989218e-01  5.03582210e-01  4.83479784e-01]
  [ 4.60455526e-01  4.39274933e-01  4.20563342e-01]
  [ 3.96304582e-01  3.72967655e-01  3.37544474e-01]
  [ 3.05738544e-01  2.76471698e-01  2.45900270e-01]
  [ 2.07086253e-01  1.84827493e-01  1.62725067e-01]
  [ 1.39005391e-01  1.23911051e-01  1.03043127e-01]
  [ 9.01051213e-02  7.44716981e-02  6.13773585e-02]
  [ 4.53611860e-02  2.90323450e-02  1.08598383e-02]
  [ 8.16442049e-03  3.31266846e-03  6.17250674e-04]
  [-4.60916442e-04  1.00000000e-03 -1.00000000e-03]
  [ 1.00000000e-03 -1.00000000e-03  1.00000000e-03]
  [ 1.00000000e-03 -1.00000000e-03  1.00000000e-03]
  [-1.00000000e-03 -1.00000000e-03 -1.00000000e-03]
  [ 1.00000000e-03  3.33066907e-16  1.00000000e-03]]]
tempoutput [[8.440284 8.985905 9.114883]]
tempoutput1 [[8.440284 8.985905 9.114883]]
TotalArray [[ 8.44028378  8.98590469  9.11488342]
 [ 1.73332787  2.30381489  1.05501008]
 [10.27505398  9.99460602 10.98546314]
 [10.55791473 -0.05977384 11.04714489]
 [ 7.42334032  7.97791433  7.62461948]
 [10.27895832  9.69427204  9.92797565]
 [ 5.79226732  5.64957857  5.62671947]
 [ 6.82710075  7.1631465   7.63778067]
 [ 5.26315737  5.00523853  4.78576088]]
des_action 11.047144889831543
