############################# Testing start for patient 12 #################################################
Iteration_num: 6  PlanScore: 3  PlanScore_fine: 9.56746555818473 ScoreAll: [1. 1. 0. 0. 1. 0. 0. 0. 0.]
tempoutput [[1.1712661 1.259384  1.1809778]]
tempoutput1 [[1.1712661 1.259384  1.1809778]]
TotalArray [[ 1.17126608  1.25938404  1.18097782]
 [ 5.66004896  5.88942528  6.04642105]
 [ 1.27250576  1.34869826  1.09288454]
 [ 3.30229783 -0.00632707  3.13732028]
 [ 2.80345321  3.04087305  3.07521415]
 [ 1.2207973   1.34851062  1.20975053]
 [ 2.29160547  2.25545025  2.31441736]
 [ 2.11374211  1.96734989  1.9104352 ]
 [ 1.50667548  1.56804264  1.54217482]]
des_action 6.046421051025391
gradient [[[-1.53782245e-01 -1.34066588e-01  4.33744861e-02]
  [ 1.06464639e-01  2.40531203e-01  0.00000000e+00]
  [-7.88626927e-03  5.20493731e-01 -2.95735109e-01]
  [ 6.93991751e-01 -1.97156763e-01 -9.10863993e-01]
  [ 2.12929270e-01 -3.90370375e-01 -1.69554756e-01]
  [ 1.85327291e-01 -7.05821128e-01  8.51717149e-01]
  [ 2.40531184e-01 -7.45252358e-01 -3.11507575e-01]
  [ 1.43135770e+00  8.24115366e-01 -2.36193774e+00]
  [-1.14350909e-01 -1.81384193e-01  2.76019316e-01]
  [-1.48656193e+00 -1.47473259e+00  1.42347065e+00]
  [ 3.27278381e-01  1.88875710e+00 -2.44472940e-01]
  [-2.28699699e-01  1.10407230e-01 -1.57723507e+00]
  [ 3.23332144e-01  1.40768502e+00 -1.62061792e+00]
  [ 3.11507452e-01  8.04385066e-01 -6.11181748e-01]
  [-2.72074734e-01 -4.96826109e-01 -5.55977577e-01]
  [-2.36586063e-01 -1.41556898e+00  1.34066504e+00]
  [-1.93215250e-01  7.45263819e-01  2.16083096e+00]
  [ 5.63874145e-01  2.08988550e-01 -4.96830968e-01]
  [ 8.95082704e-01 -6.38781615e-01 -1.30911998e+00]
  [ 2.56300143e-01 -5.16542551e-01 -5.52039589e-02]
  [ 4.33735181e-02 -1.30120467e+00 -9.38457754e-01]
  [ 1.20263354e+00 -7.76784934e-01 -1.19868400e+00]
  [-2.83901305e-01 -2.72072095e-01 -1.27756283e+00]
  [ 2.32642806e-01 -1.26179781e-01 -1.07252103e+00]
  [-6.82163933e-01  1.41952254e-01 -4.29799048e-01]
  [-9.85773669e-02 -1.02521509e-01  7.29480051e-01]
  [ 2.01100945e+00 -5.71753823e-01  8.39890625e-01]
  [-7.88626119e-02 -5.44149662e-01  4.88948656e-01]
  [-1.27757744e+00 -8.28053278e-02 -5.36262251e-01]
  [-1.36038075e+00 -7.92567718e-01 -4.25859548e-01]
  [-2.68132986e-01  1.03309916e+00  2.01099288e-01]
  [-2.56303580e-01  2.20814704e-01  1.93213346e-01]
  [-1.12379324e+00 -1.09224808e+00 -7.80740658e-01]
  [-1.38009680e+00  4.06142851e-01  4.92891888e-01]
  [ 1.40769956e+00  1.13562278e+00 -1.26968955e+00]
  [ 7.80740535e-01  1.93213574e-01  2.68133176e-01]
  [-5.95413354e-01  1.53782293e-01 -2.87848772e-01]
  [ 6.54560298e-01  3.58825181e-01 -1.02915818e+00]
  [-1.62457211e+00  7.80740719e-01 -3.98256677e-01]
  [ 1.49839104e+00  8.28058110e-02  3.11507649e-01]
  [-5.08664268e-01 -1.63640094e+00  1.56148119e+00]
  [-1.23025801e+00  3.47390038e+00  1.20265602e+00]
  [-1.69554763e+00 -1.05676025e+00 -6.86105264e-01]
  [ 2.24758665e-01 -6.42730819e-01 -8.12285863e-01]
  [ 2.56303802e-01 -2.35010695e+00 -1.49839128e+00]
  [ 4.45574231e-01 -3.15450771e-01  1.31700707e+00]
  [ 3.75386358e+00  2.39742548e+00  1.78229672e+00]
  [-2.31856353e+00  4.42419741e+00 -2.07408882e+00]
  [ 1.77441080e-01 -2.38953921e+00 -3.54882005e+00]
  [ 6.26958333e-01  1.06464631e-01  1.23025772e+00]
  [-6.70332782e-01 -6.62446514e-01  2.42502771e+00]
  [-2.35010769e+00 -1.59302589e+00 -3.34772065e+00]
  [ 3.42658441e+00 -1.61274213e+00  1.14350927e-01]
  [ 1.45501731e+00 -3.70654802e-01  3.98256645e-01]
  [-3.41869867e+00  6.38788113e-01  5.00778355e-01]
  [ 2.40531365e+00  1.68371869e+00  1.04493105e+00]
  [ 1.19477012e+00 -3.71443429e+00  1.77835393e+00]
  [ 6.28141522e+00  1.87693283e+00 -6.93991970e-01]
  [ 1.28940548e+00  3.01649812e+00 -2.96918144e+00]
  [-1.19240411e+01 -9.25059534e+00  1.86904655e+00]
  [ 4.99200963e+00  8.94697569e+00  4.68838727e+00]
  [ 2.21604219e+00 -1.24997373e+00 -6.19072309e-01]
  [ 2.36588134e-02  3.66711593e-01  3.35166431e-01]
  [ 7.88626616e-03  1.34066609e-01 -1.11985077e+00]
  [ 1.17899767e+00  1.10407831e-01 -3.88793106e+00]
  [-4.41631114e-01  7.68911588e-01 -3.54882299e-02]
  [ 2.68133303e-01 -1.94790882e+00 -6.70332941e-01]
  [ 1.08041889e+00  1.53782281e-01 -3.31223492e-01]
  [ 6.34844952e-01 -7.96513385e-01  6.93992079e-01]
  [-7.41309721e-01 -9.06921360e-02 -3.27280239e-01]
  [ 7.05821350e-01  1.56936833e+00 -8.83262437e-01]
  [ 9.62125003e-01 -6.58503562e-01 -2.28701845e-01]
  [-1.97156778e-01 -2.64190073e-01  1.93213635e-01]
  [-4.06143012e-01  7.09764514e-02 -4.96835082e-01]
  [-7.88627176e-01  4.33744759e-02 -8.20172134e-01]
  [ 1.81384236e-01 -6.82162642e-01  8.32001572e-01]
  [ 3.50939052e-01  8.43831145e-01  5.36266395e-01]
  [ 4.57403726e-01  6.50617343e-01 -1.09619186e+00]
  [-7.88627300e-03  3.46995985e-01  4.45574302e-01]
  [ 1.38798372e+00 -1.68371856e+00 -7.88626990e-03]
  [-3.11507649e-01 -9.06921288e-02 -3.46995793e-01]
  [-4.65289887e-01 -1.00944223e+00 -2.64190031e-01]
  [ 9.85783504e-01 -8.20172069e-01 -1.20659844e+00]
  [-7.37365450e-01 -1.33277888e+00  4.77119310e-01]
  [ 8.51717081e-01  6.42730515e-01 -1.17899572e+00]
  [ 2.63007091e+00  1.00155557e+00 -2.68132944e-01]
  [ 1.97156382e-02 -8.31999538e-01  3.23336862e-01]
  [ 1.49839045e-01  2.29884523e+00 -9.54238808e-01]
  [-4.10086099e-01  9.38466191e-01 -3.39109525e-01]
  [-1.57725423e-01  4.17972337e-01  8.67489551e-02]
  [-1.27757613e+00  3.23337117e-01 -9.85783776e-02]
  [ 5.52038980e-01  5.32323239e-01 -3.66711593e-01]
  [-3.90370467e-01  2.08986193e-01 -2.36588115e-02]
  [-4.33744998e-02  6.74276315e-01 -1.98734064e+00]
  [ 1.10013504e+00 -1.66400347e+00  1.10407805e-01]
  [-3.35166510e-01  7.57082149e-01  3.15450846e-01]
  [-2.36588153e-01 -5.71754860e-01  6.97935078e-01]
  [ 1.18294100e-02  6.46674233e-01  5.91470359e-02]
  [-1.93213650e-01 -2.12929338e-01  7.88627051e-03]
  [-1.02521533e-01  5.12607765e-02 -1.89270507e-01]]]
value array [1.25938404 6.04642105 1.34869826 3.30229783 3.07521415 1.34851062
 2.31441736 2.11374211 1.56804264]
paraidx 1
