############################# Testing start for patient 17 #################################################
Iteration_num: 5  PlanScore: 4.872634513851812  PlanScore_fine: 11.478635200349204 ScoreAll: [1.         0.17250994 0.70012458 1.         1.         0.
 0.         0.         1.        ]
tempoutput [[1.5080253 1.5421513 1.5260526]]
tempoutput1 [[1.5080253 1.5421513 1.5260526]]
TotalArray [[ 1.50802529  1.54215133  1.52605259]
 [-0.24040282 -0.29915741 -0.36191517]
 [ 1.31670392  1.64551461  2.01100373]
 [ 2.31355238 -0.04725791  2.64479542]
 [ 1.26792479  1.23562086  1.54603279]
 [ 2.56722569  2.72012854  2.83566332]
 [ 1.37552607  1.62652087  1.31398451]
 [ 1.14076984  1.11983621  1.12338436]
 [ 2.12618256  2.1473043   2.0613153 ]]
des_action 2.835663318634033
gradient [[[ 1.47137554e-01  6.72628736e-02 -4.20392995e-02]
  [ 3.19498703e-01 -8.40785991e-03 -2.01788655e-01]
  [-7.69319278e-01  4.45616575e-01 -4.83452127e-01]
  [-6.09569920e-01  7.14668122e-02 -4.62432314e-02]
  [-7.10464072e-01  7.52503619e-01  9.75311831e-01]
  [-2.31216235e-01  1.54704687e+00 -7.02056390e-01]
  [-2.27012256e+00 -5.04471594e-02 -1.41672481e+00]
  [ 2.04731449e+00 -1.63953275e-01 -8.91233225e-01]
  [ 7.48299594e-01 -7.48299594e-01  1.55965834e+00]
  [ 4.03577275e-01 -1.22754786e+00  2.01788672e-01]
  [ 8.91233599e-01 -3.08148078e+00 -1.93801179e+00]
  [-1.29060677e+00  5.46511032e-01 -1.93380810e-01]
  [ 5.17081145e-01  1.38729554e-01  1.29060481e+00]
  [ 6.51608512e-01 -1.93380241e+00 -1.33684557e+00]
  [ 8.36578508e-01 -1.57227377e+00 -5.04469898e-01]
  [-6.34796011e-01 -7.73528769e-01  1.95903399e+00]
  [-6.89447816e-01  0.00000000e+00 -5.08675460e-01]
  [ 7.14666680e-02 -2.01787755e-01 -4.11984997e-01]
  [ 3.36316743e-01 -2.18604486e-01  1.97585347e-01]
  [-4.33003529e-01 -8.82828296e-02  1.38730126e-01]
  [ 1.21914876e-01 -1.76565429e-01 -2.14400959e-01]
  [-7.56709618e-02  2.35421047e-01  5.38104074e-01]
  [ 6.30591454e-01  0.00000000e+00  5.75940704e-01]
  [ 2.14399842e-01  1.17710563e-01  2.85868294e-01]
  [-4.75050535e-01  4.24601548e-01  9.83726308e-01]
  [-8.91240943e-01  9.92139731e-01  4.28803884e-01]
  [ 1.51343591e-01  9.87929810e-01  3.32113831e-01]
  [-8.11368475e-01  9.03854401e-01  8.49203346e-01]
  [ 3.78358595e-01  1.01735935e+00  3.86765848e-01]
  [-7.73533387e-01 -8.19772854e-01  1.13927302e+00]
  [-7.10465147e-01  1.63954447e-01 -1.49240599e+00]
  [ 7.86136322e-01  4.58228885e-01 -3.69947858e-01]
  [-8.95437042e-01 -9.75311257e-01 -6.43201093e-01]
  [ 7.86134802e-01  1.33264507e+00  4.20392942e-03]
  [ 1.49659894e+00  4.07781051e-01 -8.19766444e-01]
  [ 8.07154551e-01  2.30375226e+00 -2.05992524e-01]
  [-6.64220988e-01  7.73522851e-01 -1.03416686e+00]
  [-5.50714847e-01 -1.51341504e-01  1.09722567e+00]
  [-2.41725921e+00 -9.45884358e-01 -1.49239482e+00]
  [ 2.42987172e+00  6.81036709e-01  2.60643635e-01]
  [-3.78353759e-01 -1.18130456e+00 -1.91699254e+00]
  [-3.02683007e-01 -4.62432295e-01  1.60590165e+00]
  [ 4.25858337e+00 -8.36582236e-01 -1.68157255e-02]
  [-1.05098266e+00  7.69319149e-01  2.80402187e+00]
  [ 1.33685029e+00 -9.29068558e-01 -2.31636589e+00]
  [-1.21493581e+00  2.88810048e+00 -8.82825290e-01]
  [ 1.00894344e+00  2.35420077e-01  1.61430910e+00]
  [-6.09570074e-01 -1.12665332e+00  1.64373654e+00]
  [-8.95437343e-01 -8.36582096e-01 -2.61063973e+00]
  [ 1.31162637e+00 -3.69945774e-01 -1.24436347e+00]
  [ 2.21126790e+00 -2.52235818e-02 -1.05098236e-01]
  [-2.66949541e+00 -7.94542928e-01  1.13926516e+00]
  [ 4.79248095e-01 -5.83505478e+00  2.03470227e+00]
  [ 4.37208752e-01 -1.03416686e+00  1.35786932e+00]
  [-8.91233225e-01 -1.01314750e+00 -2.00527433e+00]
  [ 1.16028476e+00  2.05572201e+00  3.24543420e+00]
  [ 1.89176880e+00  2.42566789e+00 -2.27853061e+00]
  [-1.32844175e+00  8.32378270e-01 -7.14668392e-01]
  [-2.06412952e+00 -9.71107860e-01 -4.20392907e-03]
  [-1.54704583e+00 -1.64794054e+00 -1.79928217e+00]
  [-1.65214412e+00  5.80142382e-01  3.03523717e+00]
  [ 6.93648529e-01  1.33264563e+00  1.44615178e+00]
  [ 3.18237538e+00  4.96063734e-01  2.67369945e+00]
  [-1.17710039e-01 -4.37208752e-01 -1.12665361e+00]
  [ 1.93801309e+00 -2.16922804e+00 -3.03103337e+00]
  [-2.50974671e+00  1.33264607e+00  1.93380778e+00]
  [-6.72629018e-01 -8.66009861e-01  1.34105382e+00]
  [ 1.18550874e+00 -3.53130324e-01 -2.94275233e-02]
  [-1.31162637e+00  1.39570486e+00 -1.00894353e-01]
  [ 2.90071203e-01 -2.06412987e+00 -1.90438051e+00]
  [-7.31483935e-01 -2.73255424e+00  1.68997956e+00]
  [-9.58495868e-01  8.49193565e-01  1.39150040e+00]
  [-3.69945805e-01  1.38729665e+00  1.22334315e+00]
  [ 7.77727008e-01  2.21547043e+00 -2.39623947e+00]
  [ 1.13926506e+00 -1.00894310e-01 -6.30589440e-01]
  [ 1.08461384e+00 -8.40785990e-01  5.63326661e-01]
  [-1.93801228e+00  1.56806581e+00  2.55178516e+00]
  [-1.68997998e+00  1.45456025e+00 -1.47137567e-01]
  [-1.84972965e+00  1.31583057e+00 -9.96331775e-01]
  [ 2.18604376e+00  6.68425115e-01 -4.00214266e+00]
  [ 6.85240957e-01 -1.74042759e+00  9.83720022e-01]
  [ 1.38729729e-01  1.59749419e-01  5.88550490e-01]
  [ 3.30849329e+00 -1.83291346e+00 -1.65214482e+00]
  [-1.59749365e-01 -4.17029922e+00  1.92540040e+00]
  [-1.14767283e+00  1.37468515e+00  1.00053533e+00]
  [-3.69105112e+00  1.94221645e+00  1.07200227e+00]
  [ 3.65742013e-01 -1.78246660e+00  1.82450606e+00]
  [ 3.28326998e+00  3.03944148e+00 -9.66904173e-02]
  [-6.43201418e-01 -5.04471637e-01  8.40786273e-01]
  [ 1.93380810e-01 -5.27173082e+00 -5.29695397e-01]
  [ 3.86761718e-01  4.20393101e-02  1.13926564e+00]
  [-3.78353712e-02 -5.46510917e-02 -1.24436337e+00]
  [-8.78621545e-01  2.52235840e-01  2.30375400e+00]
  [ 5.59122707e-01 -2.42987172e+00 -3.36314424e-02]
  [-6.72628792e-02  1.22334336e+00 -1.68157255e+00]
  [-1.13506104e-01  3.78353886e-01  4.66636323e-01]
  [ 7.98746657e-02  1.34525758e-01  6.76832808e-01]
  [ 8.87029481e-01 -1.01735122e+00  3.44722285e-01]
  [ 2.10196524e-02 -1.05939070e+00 -1.47137579e-01]
  [-2.56439716e-01  1.21913984e-01 -1.00894310e-01]]]
X [[[ 9.49024498e-01  9.43696227e-01  9.39265556e-01]
  [ 9.31508574e-01  9.25240568e-01  9.17462518e-01]
  [ 9.05458599e-01  8.88147477e-01  8.70059285e-01]
  [ 8.44030377e-01  8.13674179e-01  7.75007839e-01]
  [ 7.27665850e-01  6.62216561e-01  5.86579618e-01]
  [ 5.00203822e-01  4.07623224e-01  3.06854973e-01]
  [ 2.08067614e-01  1.19201862e-01  5.57525723e-02]
  [ 2.03130818e-02  1.10440960e-02  6.87947085e-03]
  [ 3.04213621e-03  3.44977952e-03  2.24889760e-04]
  [-1.42577168e-04  1.61244488e-03 -6.93777560e-04]
  [-7.55022048e-04  1.12248898e-03  1.06124449e-03]
  [ 1.06124449e-03 -1.00000000e-03  1.00000000e-03]
  [-1.00000000e-03 -1.00000000e-03 -1.00000000e-03]
  [-1.00000000e-03  1.00000000e-03  1.00000000e-03]
  [-1.00000000e-03  1.00000000e-03  1.00000000e-03]
  [ 1.00000000e-03  1.00000000e-03 -1.00000000e-03]
  [ 1.00000000e-03 -2.22044605e-16  1.00000000e-03]
  [-1.00000000e-03  1.00000000e-03  1.00000000e-03]
  [-1.00000000e-03  1.00000000e-03 -1.00000000e-03]
  [ 1.00000000e-03  1.00000000e-03 -1.00000000e-03]
  [-1.00000000e-03  1.00000000e-03  1.00000000e-03]
  [ 1.00000000e-03 -1.00000000e-03 -1.00000000e-03]
  [-1.00000000e-03 -2.22044605e-16 -1.00000000e-03]
  [-1.00000000e-03 -1.00000000e-03 -1.00000000e-03]
  [ 1.00000000e-03 -1.00000000e-03 -1.00000000e-03]
  [ 1.00000000e-03 -1.00000000e-03 -1.00000000e-03]
  [-1.00000000e-03 -1.00000000e-03 -1.00000000e-03]
  [ 1.00000000e-03 -1.00000000e-03 -1.00000000e-03]
  [-1.00000000e-03 -1.00000000e-03 -1.00000000e-03]
  [ 1.00000000e-03  1.00000000e-03 -1.00000000e-03]
  [ 1.00000000e-03 -1.00000000e-03  1.00000000e-03]
  [-1.00000000e-03 -1.00000000e-03  1.00000000e-03]
  [ 1.00000000e-03  1.00000000e-03  1.00000000e-03]
  [-1.00000000e-03  4.06081917e-01  4.02168901e-01]
  [ 3.98512477e-01  3.95754121e-01  3.93841106e-01]
  [ 3.88120534e-01  3.84335814e-01  3.84732119e-01]
  [ 3.82037911e-01  3.75611713e-01  3.74019437e-01]
  [ 3.70812047e-01  3.67989544e-01  3.61884085e-01]
  [ 3.60740843e-01  3.58046635e-01  3.55095837e-01]
  [ 3.50658221e-01  3.47899865e-01  3.46424466e-01]
  [ 3.45986850e-01  3.43228494e-01  3.40855026e-01]
  [ 3.38096671e-01  3.33798768e-01  3.28398935e-01]
  [ 3.24165181e-01  3.21867278e-01  3.17569376e-01]
  [ 3.15067612e-01  3.10116813e-01  3.07743345e-01]
  [ 3.04535955e-01  3.04868112e-01  3.02302200e-01]
  [ 3.00185323e-01  2.95298672e-01  2.94091282e-01]
  [ 2.88563154e-01  2.85355764e-01  2.81827635e-01]
  [ 2.82159792e-01  2.79337289e-01  2.75220412e-01]
  [ 2.75424274e-01  2.72601770e-01  2.69650972e-01]
  [ 2.66496312e-01  2.65930400e-01  2.63749375e-01]
  [ 2.59568349e-01  2.59130733e-01  2.56949708e-01]
  [ 2.55089422e-01  2.54255501e-01  2.50844249e-01]
  [ 2.48534928e-01  2.48802938e-01  2.44750208e-01]
  [ 2.43403105e-01  2.43542819e-01  2.40003272e-01]
  [ 2.40527872e-01  2.37320482e-01  2.34048945e-01]
  [ 2.28456668e-01  2.25762461e-01  2.18577907e-01]
  [ 2.10366990e-01  2.02091924e-01  2.00178908e-01]
  [ 1.96650779e-01  1.90994355e-01  1.88568157e-01]
  [ 1.86900314e-01  1.85424915e-01  1.82859003e-01]
  [ 1.79266727e-01  1.74519790e-01  1.65474950e-01]
  [ 1.48283341e-01  1.30118096e-01  1.02919430e-01]
  [ 4.84579511e-02 -7.43408814e-04 -1.00000000e-03]
  [-1.00000000e-03 -1.00000000e-03 -1.00000000e-03]
  [ 1.00000000e-03  1.00000000e-03  1.00000000e-03]
  [-1.00000000e-03  1.00000000e-03  1.00000000e-03]
  [ 1.00000000e-03 -1.00000000e-03 -1.00000000e-03]
  [ 1.00000000e-03  1.00000000e-03  6.74996607e-01]
  [ 6.65101216e-01  6.64839412e-01  6.56074922e-01]
  [ 6.49289511e-01  6.37394119e-01  6.34587786e-01]
  [ 6.30043257e-01  6.25540571e-01  6.22713316e-01]
  [ 6.16776081e-01  6.04336161e-01  5.86220809e-01]
  [ 5.76911790e-01  5.71236358e-01  5.69822731e-01]
  [ 5.68712751e-01  5.60492791e-01  5.51728301e-01]
  [ 5.30523890e-01  5.09602205e-01  5.11036754e-01]
  [ 5.06209500e-01  5.05382245e-01  5.03403167e-01]
  [ 4.99706814e-01  5.00010461e-01  4.95748657e-01]
  [ 4.93507775e-01  4.86701442e-01  4.61256149e-01]
  [ 4.30742720e-01  4.21957308e-01  4.23109132e-01]
  [ 4.21412779e-01  4.17433701e-01  4.19433701e-01]
  [ 4.17433701e-01  4.17433701e-01  4.19433701e-01]
  [ 4.17433701e-01  4.18868250e-01  4.16020074e-01]
  [ 4.14606446e-01  4.13192819e-01  4.10365564e-01]
  [ 4.07255584e-01  4.08124682e-01  4.07276506e-01]
  [ 4.05862878e-01  4.00208369e-01  3.94250212e-01]
  [ 3.88051173e-01  3.68239468e-01  3.47600509e-01]
  [ 3.28678824e-01  3.18479785e-01  3.17066158e-01]
  [ 3.15652530e-01  3.17087079e-01  3.13108001e-01]
  [ 3.11977099e-01  3.10563472e-01  3.08039864e-01]
  [ 3.04364433e-01  3.01819904e-01  2.89641787e-01]
  [ 2.71830082e-01  2.46971162e-01  2.29724908e-01]
  [ 2.16133164e-01  2.10761380e-01  2.08499576e-01]
  [ 2.02017812e-01  1.88446989e-01  1.52823579e-01]
  [ 1.36425502e-01  1.18592875e-01  1.11807464e-01]
  [ 1.02477523e-01  7.28122703e-02  3.04034493e-02]
  [ 1.51362737e-02  6.96352841e-04  1.00000000e-03]
  [ 1.00000000e-03 -1.00000000e-03 -1.00000000e-03]
  [-1.00000000e-03 -1.00000000e-03 -1.00000000e-03]
  [-1.00000000e-03  1.00000000e-03 -1.00000000e-03]
  [-1.00000000e-03  1.00000000e-03  1.00000000e-03]
  [ 1.00000000e-03 -1.00000000e-03  1.00000000e-03]]]
tempoutput [[1.4091828 1.4566525 1.4048268]]
tempoutput1 [[1.4091828 1.4566525 1.4048268]]
TotalArray [[ 1.40918279  1.45665252  1.40482676]
 [-0.28905109 -0.35122892 -0.42630067]
 [ 0.77186203  1.23812854  1.38894403]
 [ 2.25600791 -0.04814981  2.58672643]
 [ 1.15507841  1.14405644  1.41473055]
 [ 1.78080273  1.99255478  2.04549193]
 [ 1.33624256  1.61903     1.33524168]
 [ 1.10630691  1.06263292  1.06753981]
 [ 2.04568982  2.05485177  1.97078896]]
des_action 2.586726427078247
gradient [[[ 0.05991051  0.26729308 -0.12442955]
  [ 0.10138705 -0.08295304 -0.23503356]
  [ 0.09217002  0.07834453  0.13825504]
  [-0.11982104 -0.25807605 -0.23503356]
  [ 1.07838922 -0.23964214 -1.17977657]
  [-0.79266216 -0.08295304  0.41476512]
  [-0.47467566  0.29955263  1.79731536]
  [ 0.14286348  0.60832207 -0.53458616]
  [ 0.39633119  0.66362426 -0.13825509]
  [-0.99082784  0.47006714  0.23042513]
  [-0.41015679 -0.37789715  1.25812128]
  [-1.01387049 -1.43324531 -1.07378186]
  [ 4.06009363  2.26277552 -1.73279651]
  [-0.32259515  0.6636245  -0.19355707]
  [ 0.55302011 -3.70523441  0.41015679]
  [ 0.87561542 -0.70510094 -2.25355706]
  [-1.63601836  0.20277412 -0.23042507]
  [-1.90791991  0.10599555  1.6083672 ]
  [ 0.78805384  3.35038126  1.70053708]
  [ 0.53458626  1.72818857  0.40093964]
  [-1.29959762 -1.01387077 -0.32259521]
  [-0.08756155 -0.17512318 -0.1428636 ]
  [-1.02769604 -0.10138705 -0.93091762]
  [-0.59449676 -0.18894856 -0.55762874]
  [ 2.06000001 -1.94478811 -0.86179003]
  [ 1.00004466 -0.83874709 -1.96782981]
  [ 2.35955183  1.29959714 -1.11525723]
  [-1.10143177 -0.82492163  4.63154323]
  [-0.62214754 -0.64058136 -0.74657708]
  [ 1.65445191  0.58527948 -1.82957563]
  [ 0.11060405  1.69131945  0.55302011]
  [ 0.7834453  -4.01861319  0.18434004]
  [-2.41946332  1.23968601 -4.49328655]
  [-1.05534676 -1.19821013  2.0369576 ]
  [-1.47932873  1.66827688  0.48850123]
  [ 1.10143198 -3.30429532 -1.01847885]
  [-2.0600002  -2.70518918  2.23512264]
  [-1.19821046  2.24433985  2.05078282]
  [-1.58993246 -0.45624149  0.70510042]
  [-0.02765099  3.14299677  0.11060401]
  [ 3.33655406  0.89404893 -2.72362418]
  [-0.50693492 -0.0322595   0.211991  ]
  [-2.89874615  1.6083666   1.96782981]
  [-0.88022356  1.0230873   0.21199102]
  [ 5.35507908  5.58089386  1.11064867]
  [-1.07378047 -1.11064867  0.68205808]
  [-4.59006609  0.03225951 -2.08765083]
  [ 0.64058148  0.35946304 -0.89404918]
  [ 1.58532374 -1.70514487 -2.23051342]
  [ 2.55771719  1.5622816   0.9401335 ]
  [-0.19816544 -0.03686798 -3.81583737]
  [-1.81113961 -0.90787447  2.79735994]
  [-0.56223717 -1.23968624 -0.89404902]
  [-2.95865733 -4.96335299  0.76501087]
  [ 0.3364203   2.12912645 -1.00926119]
  [ 1.42402607  2.67753793  0.78805319]
  [ 1.35489877 -1.4332432   0.27650993]
  [ 1.4194175   0.29494384  1.87105   ]
  [-1.63601655 -0.68666629 -4.82048976]
  [-3.01395767 -1.55306288 -0.15668893]
  [ 3.36420351  8.51190007  3.16603766]
  [ 0.85257248  2.17060304  0.055302  ]
  [-1.11986547 -2.42867921  0.25346761]
  [-4.75136381  2.87570299  1.7051444 ]
  [-0.11521253 -0.36868001 -1.24429491]
  [-1.16134202  1.01387039  1.11986619]
  [-2.3411174  -0.9862192   1.22586136]
  [-0.61753924  1.94478721  1.20742702]
  [ 0.9401341   0.29494398 -2.95404815]
  [-0.39633123 -1.88948591  1.00004466]
  [ 1.39637559  1.43324333 -4.01861133]
  [-2.79735916 -0.08756148  1.50237047]
  [ 0.37328839  1.65445115 -0.91248302]
  [ 0.80648748  2.88492105 -0.49771801]
  [-2.17521264  0.27651006 -1.54845617]
  [-0.78344494  1.59454118 -1.28116326]
  [ 0.036868    3.09230455  0.8157044 ]
  [ 1.54845631  0.239642    1.85722613]
  [-1.50697974 -0.69588329  0.85257248]
  [-1.03230402 -4.26286356  3.35037972]
  [-1.52080517 -1.9540044  -2.0553918 ]
  [ 1.37333315  0.63597319 -0.68666642]
  [ 0.25807608  0.4562417  -0.39633097]
  [-0.211991    2.90335505 -1.09221477]
  [ 1.0230873  -0.06451902 -2.35955183]
  [ 2.55771814  0.77883677 -2.26277406]
  [ 5.25369107  0.72353455  0.31337815]
  [-0.70049227  7.43811983 -4.35042368]
  [ 0.156689   -4.59928351  0.0230425 ]
  [-5.3919456  -1.4009839   1.5346306 ]
  [ 2.26738204 -0.92170036 -0.20277404]
  [ 3.67297406  2.08765102  0.97700211]
  [-1.71436298 -1.86644245 -4.60850136]
  [-0.58067128 -3.81583948  0.89865789]
  [-1.92174551  1.49776342  1.58071618]
  [ 0.5760627  -1.76044719  1.0415215 ]
  [ 1.47932928  0.1059955   1.70975408]
  [-0.48850114 -1.08760642 -0.23042505]
  [ 0.69588374 -0.40093956 -0.32259512]
  [-0.86178971  0.009217    0.0414765 ]]]
